"w" <- structure(c(7, 9, 5, 2, 9, 1, 1, 9, 6, 9, 1, 10, 6, 7, 2, 3, 3, 2, 9, 3, 8, 10, 4, 3, 6, 2, 7, 1, 7, 7, 1, 6, 7, 7, 1, 7, 7, 4, 7, 7, 4, 1, 7, 6, 6, 3, 10, 5, 5, 4, 5, 5, 3, 5, 6, 3, 6, 5, 5, 3, 3, 3, 7, 9, 2, 2, 9, 8, 5, 8, 9, 1, 7, 1, 7, 7, 1, 1, 7, 7, 7, 4, 7, 4, 6, 4, 3, 9, 6, 7, 9, 9, 9, 9, 6, 3, 7, 1, 1, 7, 1, 4, 7, 8, 1, 9, 9, 6, 8, 2, 7, 7, 6, 9, 1, 7, 3, 7, 3, 3, 3, 4, 3, 9, 3, 3, 3, 1, 4, 9, 10, 1, 6, 7, 6, 1, 7, 7, 1, 3, 1, 7, 7, 6, 9, 1, 7, 3, 7, 7, 7, 6), .Dim=c(152))
"M" <- 15
"N" <- 152
"doc" <- structure(c(1, 1, 1, 1, 1, 1, 1, 2, 2, 2, 2, 2, 2, 2, 3, 3, 3, 3, 3, 3, 3, 3, 3, 3, 4, 4, 4, 4, 4, 4, 4, 4, 4, 4, 5, 5, 5, 5, 5, 5, 5, 5, 5, 5, 6, 6, 6, 6, 6, 6, 6, 6, 6, 6, 6, 6, 6, 6, 6, 7, 7, 7, 7, 7, 7, 7, 7, 8, 8, 8, 8, 9, 9, 9, 9, 9, 9, 9, 9, 9, 9, 9, 9, 9, 9, 9, 10, 10, 10, 10, 10, 10, 10, 10, 10, 10, 10, 10, 11, 11, 11, 11, 11, 11, 11, 11, 11, 11, 11, 11, 11, 12, 12, 12, 12, 12, 12, 12, 13, 13, 13, 13, 13, 13, 13, 13, 13, 13, 13, 14, 14, 14, 14, 14, 14, 14, 14, 14, 14, 14, 14, 14, 15, 15, 15, 15, 15, 15, 15, 15, 15, 15), .Dim=c(152))
"V" <- 10
"alpha" <- structure(c(1, 1, 1, 1), .Dim=c(4))
"K" <- 4
"beta" <- structure(c(0.1, 0.1, 0.1, 0.1, 0.1, 0.1, 0.1, 0.1, 0.1, 0.1), .Dim=c(10))
